PIVlab, ASCII chart output - 19-Jun-2022
FRAME: 1, filenames: A: 0.png & B: 1.png, conversion factor xy (px -> m): 1, conversion factor uv (px/frame -> m/s): 1
x [px],y [px],u [px/frame],v [px/frame],Vector type [-]
17,17,0.01514236108,-0.1032544768,1
17,33,0.05373756067,-0.2928296721,1
17,49,0.02310554162,-0.7555562651,1
17,65,0.008428493892,-0.7040864623,1
17,81,-0.02252014503,-0.4454976714,1
17,97,-0.09717567787,-0.3909475005,1
17,113,-0.09250839577,-0.07493034963,1
17,129,-0.0594044529,-0.06440178518,1
17,145,-0.08390243873,0.05825026864,1
17,161,-0.09079178199,0.1941049897,1
17,177,-0.01737984045,0.117803415,1
17,193,-0.03977592808,0.1714876496,1
17,209,-0.08221443514,0.2961634003,1
17,225,-0.00555237153,0.2019003235,1
17,241,0.009809414372,0.1796320282,1
17,257,-0.06198128081,0.06611617433,1
17,273,-0.1123352847,-0.08124558105,1
17,289,-0.0269661746,-0.2151490845,1
17,305,0.0669802823,-0.147979895,1
17,321,0.06293098114,-0.4926110901,1
17,337,-0.03727539399,-0.359365622,1
17,353,-0.1200238071,-0.6413175263,1
17,369,-0.03452499729,-0.2863618531,1
17,385,-0.09024246557,-0.04135338444,1
17,401,-0.1416855656,0.01624854427,1
33,17,0.04890624658,0.0004938447275,1
33,33,0.02714149133,-0.08971420886,1
33,49,0.02904311792,-0.5347444213,1
33,65,0.03500358239,-0.3894254363,1
33,81,0.0006865657841,-0.3563234008,1
33,97,-0.02654465065,-0.1344491637,1
33,113,-0.09166344033,-0.04984108571,1
33,129,-0.282859882,-0.03735367422,1
33,145,-0.2189141117,0.04887374277,1
33,161,-0.1544152103,0.2040556275,1
33,177,-0.13775452,0.2140787446,1
33,193,-0.1583863102,0.1676805817,1
33,209,-0.09842499118,0.1379984223,1
33,225,0.04171554228,0.06759436955,1
33,241,0.0685729184,0.01177390445,1
33,257,0.04713050508,-0.0415383972,1
33,273,-0.0009480319038,-0.05633751525,1
33,289,0.02211181307,-0.1821118988,1
33,305,0.09419433259,-0.3177663483,1
33,321,0.0617331662,-0.3545934357,1
33,337,-0.08642586091,-0.2281915344,1
33,353,-0.02813728671,-0.1905957856,1
33,369,-0.008873065533,-0.5000096955,1
33,385,-0.1031857334,0.006042321736,1
33,401,-0.1607037388,0.04303153377,1
49,17,0.2297991909,0.01738150952,1
49,33,0.1544112362,-0.1101934111,1
49,49,0.1279315151,-0.2485105193,1
49,65,0.005323330318,-0.1711351073,1
49,81,-0.03468139991,-0.1397973693,1
49,97,-0.04924782143,-0.07271782521,1
49,113,-0.2113724552,-0.001485983172,1
49,129,-0.2649651371,-0.03456322317,1
49,145,-0.2466927372,-0.002493063265,1
49,161,-0.1786652409,0.1661547028,1
49,177,-0.1279545627,0.08033927314,1
49,193,-0.04502685887,0.07115538946,1
49,209,0.006982723667,0.08222373357,1
49,225,0.06321517608,0.05179007877,1
49,241,0.1094340482,0.003160318021,1
49,257,0.1406821408,-0.01439110411,1
49,273,0.2083071866,0.016624292,1
49,289,0.255277554,0.04310401306,1
49,305,0.2238482633,-0.1177999176,1
49,321,0.1343897977,-0.09263817446,1
49,337,-0.06840141633,-0.008997122219,1
49,353,-0.1072960697,-0.01473633426,1
49,369,-0.214506229,-0.09961334843,1
49,385,-0.1938172184,0.05344374996,1
49,401,-0.1490765415,0.08615477901,1
65,17,0.07970611231,-0.02573410632,1
65,33,0.07692519801,-0.1777192748,1
65,49,0.09510223048,-0.01902596118,1
65,65,-0.002443393307,-0.01964775684,1
65,81,-0.03004272803,-0.07053581837,1
65,97,-0.1210804783,-0.03082100514,1
65,113,-0.3153286777,0.03508361216,1
65,129,-0.3989582859,0.007800897311,1
65,145,-0.2199021183,-0.005905309974,1
65,161,-0.1659050785,0.03781302803,1
65,177,-0.1385327183,0.01451476447,1
65,193,-0.06157310825,-0.01341263423,1
65,209,0.02697555204,-0.007736364705,1
65,225,0.0987643399,-0.002515951508,1
65,241,0.1087035336,0.026056131,1
65,257,0.1135958829,-0.006424108877,1
65,273,0.1399401822,-0.009807745361,1
65,289,0.1414202848,0.04470809325,1
65,305,0.1656455197,-0.002235571305,1
65,321,0.1089152493,-0.04903427737,1
65,337,-0.0641804538,0.09749587399,1
65,353,-0.1540146671,0.113914331,1
65,369,-0.2962704502,-0.0485917725,1
65,385,-0.486816486,0.0089472137,1
65,401,-0.6678467594,0.08309348445,1
81,17,0.2526911892,0.09103949902,1
81,33,0.1409663357,-0.00762764575,1
81,49,0.005956570088,0.1177957856,1
81,65,-0.03809364659,0.1638773286,1
81,81,-0.07061203344,0.05128081676,1
81,97,-0.144281467,0.08734496471,1
81,113,-0.4679833256,0.06370337839,1
81,129,-0.3879681431,0.02701362008,1
81,145,-0.2828827701,-0.05215088493,1
81,161,-0.2892628513,-0.04691139825,1
81,177,-0.08122261387,-0.045257727,1
81,193,-0.01184089999,-0.09938637386,1
81,209,0.05294219634,-0.05893723142,1
81,225,0.1473769345,-0.00789085997,1
81,241,0.1223029294,0.01410468445,1
81,257,0.1135005155,0.0029371582,1
81,273,0.1003913083,-0.03060738221,1
81,289,0.1276683011,-0.002863089007,1
81,305,0.1424693265,0.09237845762,1
81,321,0.09564010286,0.1009348236,1
81,337,0.013877789,0.2007292114,1
81,353,-0.07992370943,0.1136167846,1
81,369,-0.3433132968,-0.1138993897,1
81,385,-0.3791313968,0.005725701853,1
81,401,-0.1899014316,0.08415206294,1
97,17,0.2527693905,0.1728227937,1
97,33,0.1382674374,0.03155883191,1
97,49,-0.02336510043,0.182584604,1
97,65,-0.02649124484,0.2918871248,1
97,81,-0.1067047916,0.07286055919,1
97,97,-0.1629296146,0.08313735362,1
97,113,-0.1848831974,0.08404906625,1
97,129,-0.1604557834,-0.001014868086,1
97,145,-0.1423950992,-0.1038819946,1
97,161,-0.1447697483,-0.1106034912,1
97,177,-0.05049522737,-0.2412358917,1
97,193,-0.01282890656,-0.2309934295,1
97,209,0.06371680878,-0.1356736816,1
97,225,0.1424159207,-0.1086007751,1
97,241,0.2761611142,-0.1848489441,1
97,257,0.1161593595,0.01740630491,1
97,273,0.09454909946,0.0234812103,1
97,289,0.1990279355,0.04808600766,1
97,305,0.1141699948,0.1781786285,1
97,321,0.01218024874,0.1751478515,1
97,337,-0.07479675628,0.2877176605,1
97,353,-0.202415546,0.2676294647,1
97,369,-0.2085572086,0.08644278864,1
97,385,-0.07549293856,0.006429513488,1
97,401,-0.1485443912,0.04204352716,1
113,17,0.1208323636,0.06709273692,1
113,33,-0.02079971649,0.06991370556,1
113,49,-0.06234939911,0.2160089814,1
113,65,0.02532951019,0.3758924806,1
113,81,-0.04093559602,0.1332300508,1
113,97,-0.1540489993,0.09505446786,1
113,113,-0.1453419528,0.07891829842,1
113,129,-0.05604179719,-0.006704489072,1
113,145,-0.03415306428,-0.1045591033,1
113,161,-0.07578476288,-0.09386650693,1
113,177,-0.0777703128,-0.364442984,1
113,193,-0.001733859543,-0.3666135468,1
113,209,0.1314028897,-0.3359090485,1
113,225,0.1262892881,-0.1911241211,1
113,241,0.1295947232,-0.1712075867,1
113,257,0.1162299314,0.005584558064,1
113,273,0.07974044468,0.0337141357,1
113,289,0.1841735044,0.1526125274,1
113,305,0.06147948887,0.09637435297,1
113,321,-0.08095558499,0.2638605438,1
113,337,-0.03950317716,0.2813070617,1
113,353,-0.1574803195,0.4897859893,1
113,369,-0.2173062167,0.08980925896,1
113,385,-0.1458493076,0.07153685905,1
113,401,-0.138301929,0.1020582519,1
129,17,0.05070487643,0.1190698945,1
129,33,0.01416007662,0.1423090302,1
129,49,-0.05962379789,0.2573145234,1
129,65,-0.05606659269,0.3346861207,1
129,81,-0.07287414884,0.247289499,1
129,97,-0.08717926359,0.07041724556,1
129,113,-0.07744224882,0.05346854559,1
129,129,-0.02681549406,-0.02273575435,1
129,145,-0.02018745755,-0.1034089721,1
129,161,-0.03815277432,-0.08835236205,1
129,177,-0.000743945583,-0.2061177887,1
129,193,0.08435622837,-0.4731256165,1
129,209,0.06805984166,-0.4079133667,1
129,225,0.08995429662,-0.2203675904,1
129,241,0.09400359777,-0.08142868658,1
129,257,0.005567471061,0.01323684075,1
129,273,0.007509151968,0.03469260552,1
129,289,0.001562038929,0.09440787651,1
129,305,-0.00660713527,0.09855445244,1
129,321,0.005010525247,0.3385942779,1
129,337,0.07231132175,0.3479078612,1
129,353,0.02393905307,0.485473474,1
129,369,-0.01393516874,0.1195352874,1
129,385,-0.05334289885,0.1551569304,1
129,401,-0.07131584502,0.1499212584,1
145,17,-0.08017547938,0.1268328034,1
145,33,-0.08477218958,0.178438028,1
145,49,-0.1121140322,0.2961347901,1
145,65,-0.07387359949,0.2975424134,1
145,81,-0.06571014735,0.3443830811,1
145,97,-0.03081711145,0.05004676214,1
145,113,0.004585186521,0.03153785099,1
145,129,0.03812591223,-0.0190698303,1
145,145,0.04702560095,-0.08868805542,1
145,161,0.03752319007,-0.1092702545,1
145,177,0.03384009986,-0.1730405487,1
145,193,0.01357070594,-0.2188932099,1
145,209,-0.01075371117,-0.2555467286,1
145,225,0.030158917,-0.3244363465,1
145,241,0.007600704718,-0.07457176827,1
145,257,-0.05972488733,0.03717025137,1
145,273,-0.05043419214,0.05812056875,1
145,289,-0.07136734339,0.09316619252,1
145,305,-0.1010800204,0.3022249541,1
145,321,-0.03765114161,0.2726953826,1
145,337,-0.03180511806,0.3544920287,1
145,353,0.00830451634,0.1552732787,1
145,369,0.05735389378,0.09472449633,1
145,385,0.01906768467,-0.06645599989,1
145,401,0.01675979282,-0.002691427752,1
161,17,-0.1787949404,0.02562125553,1
161,33,-0.1119175753,0.2037123047,1
161,49,-0.07084472983,0.2217386567,1
161,65,-0.04922493308,0.190654596,1
161,81,-0.008949359344,0.2474001252,1
161,97,0.0257262388,0.02833922731,1
161,113,0.07587234171,0.01994880066,1
161,129,0.1224002043,-0.01045815125,1
161,145,0.1337222257,-0.08451477664,1
161,161,0.04828254374,-0.07507912297,1
161,177,0.01552955302,-0.177807013,1
161,193,-0.006374438685,-0.07830826424,1
161,209,-0.01408966391,-0.1940995851,1
161,225,-0.05222709983,-0.2045823732,1
161,241,-0.09304436057,-0.1164952913,1
161,257,-0.06948479027,0.04729064319,1
161,273,-0.09730728478,0.09889014574,1
161,289,-0.161039432,0.1002729735,1
161,305,-0.04748543115,0.2210977873,1
161,321,-0.007907947019,0.2322214446,1
161,337,-0.02193840356,0.1679590544,1
161,353,0.008077541871,0.06697257369,1
161,369,0.1557292142,0.02373488753,1
161,385,0.2583293119,-0.07906166705,1
161,401,0.3423709073,-0.09599701556,1
177,17,-0.3331070742,0.05081351623,1
177,33,-0.2031899294,0.1933115326,1
177,49,-0.1693821749,0.18209823,1
177,65,-0.08044250811,0.09264548645,1
177,81,0.04306213056,0.1000974975,1
177,97,0.3302764097,0.02874739988,1
177,113,0.5437087218,0.02367575986,1
177,129,0.4935397307,0.04164679866,1
177,145,0.2404021422,-0.03511635443,1
177,161,0.05429069197,-0.04111878059,1
177,177,0.02238647139,-0.1495858827,1
177,193,-0.0328141054,-0.08524147655,1
177,209,-0.03746612873,-0.1234380403,1
177,225,-0.07850845662,-0.05816857008,1
177,241,-0.1640053591,-0.01018349319,1
177,257,-0.2207184633,0.001058419644,1
177,273,-0.1190853915,0.07562812178,1
177,289,-0.09755142539,0.09475310651,1
177,305,-0.04812057823,0.0794142088,1
177,321,0.03195945412,0.0904901823,1
177,337,0.06834785134,0.08519347514,1
177,353,0.1133155027,0.0425527891,1
177,369,0.3774947324,0.02598365152,1
177,385,0.1843318144,-0.01266495384,1
177,401,0.2166155973,-0.05349175133,1
193,17,-0.2505513032,0.09594901423,1
193,33,-0.3041764101,0.1009691558,1
193,49,-0.186025699,0.09486564021,1
193,65,-0.06326301894,0.0620859466,1
193,81,0.1039218108,-0.01550881048,1
193,97,0.2310561339,0.03385909417,1
193,113,0.3959654967,0.006849130177,1
193,129,0.4789790313,-0.05218140267,1
193,145,0.5121649901,-0.0001737275117,1
193,161,0.1880683104,-0.04094711925,1
193,177,0.09425536791,-0.08440605786,1
193,193,0.04105750718,-0.05921951918,1
193,209,-0.02949913346,-0.01394669204,1
193,225,-0.1326981386,0.009866555622,1
193,241,-0.2560787996,0.003877480902,1
193,257,-0.3400727114,0.008029778862,1
193,273,-0.3330536684,0.03971465434,1
193,289,-0.2559567293,-0.006574789645,1
193,305,-0.1461029848,-0.07763115562,1
193,321,0.002208630159,-0.07352844873,1
193,337,0.01562110575,0.01172049841,1
193,353,0.07443801554,-0.02501503627,1
193,369,0.1661929289,-0.07413117092,1
193,385,0.3448390165,-0.00519959134,1
193,401,0.8692931333,0.0494230588,1
209,17,-0.6508980592,-0.08923164988,1
209,33,-0.2078343232,-0.05969826365,1
209,49,-0.1038132508,-0.02206246043,1
209,65,-0.0009690125443,-0.1122781434,1
209,81,0.1993483703,-0.1187898316,1
209,97,0.3676280181,-0.112182776,1
209,113,0.4865550201,-0.1028501191,1
209,129,0.2958010833,-0.07346741345,1
209,145,0.2764109771,-0.04581467298,1
209,161,0.06423942252,-0.01935402541,1
209,177,0.02506629628,0.07893546432,1
209,193,0.02371017139,0.1651323637,1
209,209,-0.06806381544,0.06494124738,1
209,225,-0.1112004121,0.006389459034,1
209,241,-0.1470127901,0.004882653598,1
209,257,-0.4544125398,0.1072252592,1
209,273,-0.1757603487,-0.04031197229,1
209,289,-0.1678295931,-0.07497612636,1
209,305,-0.2437783083,-0.1129991214,1
209,321,-0.04649933186,-0.0959512393,1
209,337,0.01056853923,-0.1916505496,1
209,353,0.1251639524,-0.1115991275,1
209,369,0.2103079954,-0.04267326998,1
209,385,0.2823561827,-0.06547371554,1
209,401,0.42090408,0.02485640836,1
225,17,-0.2354050477,-0.1273347536,1
225,33,-0.2610226471,-0.1242181459,1
225,49,-0.1116410096,-0.120618979,1
225,65,-0.02817352605,-0.2600709596,1
225,81,0.04739371944,-0.2052175203,1
225,97,0.2522200744,-0.1355096498,1
225,113,0.478692929,-0.0912458101,1
225,129,0.4001921814,0.02146705,1
225,145,0.344337384,0.06349166243,1
225,161,0.1537055175,0.02010711042,1
225,177,-0.02374656989,0.1857260069,1
225,193,-0.06013687448,0.2474973997,1
225,209,-0.198040088,0.176059564,1
225,225,-0.3265171846,0.05197127663,1
225,241,-0.3717289766,0.07924064001,1
225,257,-0.2438221773,0.09237082798,1
225,273,-0.2187329134,-0.1108552615,1
225,289,-0.2162457308,-0.1666299503,1
225,305,-0.1001835665,-0.1412831943,1
225,321,-0.07604988421,-0.1070367496,1
225,337,0.1196402708,-0.2359544437,1
225,353,0.1779879728,-0.2754899662,1
225,369,0.08886710798,-0.07407395058,1
225,385,0.1504344145,-0.07015816384,1
225,401,0.4179457823,0.02999671286,1
241,17,-0.2316399414,-0.1383153597,1
241,33,-0.07621582337,-0.1209642092,1
241,49,-0.0230236847,-0.2373124758,1
241,65,-0.02466781922,-0.2088090578,1
241,81,0.03773109131,-0.321735541,1
241,97,0.1662768524,-0.0761720339,1
241,113,0.1371249359,-0.04730431234,1
241,129,0.03378287963,0.03230460489,1
241,145,0.09184257201,0.1407450041,1
241,161,0.03505508115,0.1327894529,1
241,177,-0.06044014286,0.3624094328,1
241,193,-0.08471878363,0.3314741453,1
241,209,-0.09248169258,0.2371557554,1
241,225,-0.1117230256,0.1818731626,1
241,241,-0.1059399446,0.08929045992,1
241,257,-0.1097946962,0.06607039765,1
241,273,-0.213041385,-0.03524414705,1
241,289,-0.2187577089,-0.1161214512,1
241,305,0.03235046066,-0.1721040409,1
241,321,0.05235091842,-0.1156694096,1
241,337,0.07675162947,-0.2869207066,1
241,353,0.1376208464,-0.3683168095,1
241,369,0.04960815108,-0.1247102421,1
241,385,0.01147452987,-0.03314034163,1
241,401,0.08148376143,0.01276191056,1
257,17,-0.04670341793,-0.05606094996,1
257,33,-0.0592995483,-0.2929631869,1
257,49,-0.03644188229,-0.3672963778,1
257,65,-0.01219185177,-0.2001115481,1
257,81,0.02187720951,-0.4548112551,1
257,97,0.0638884705,-0.08028999964,1
257,113,0.07033149417,-0.04563538233,1
257,129,0.03808395083,5.896886406e-05,1
257,145,0.05137817079,0.06660636266,1
257,161,0.002462307741,0.3194788297,1
257,177,-0.06283958742,0.4470327695,1
257,193,-0.03396042179,0.500207742,1
257,209,-0.1166802247,0.4022405942,1
257,225,-0.07455261543,0.3125723203,1
257,241,-0.09513481454,0.1126364072,1
257,257,-0.07379921275,0.02455695461,1
257,273,-0.06068619091,-0.02523247412,1
257,289,0.01373283068,-0.1350175541,1
257,305,0.09524909654,-0.229171912,1
257,321,0.08477775254,-0.1405507725,1
257,337,0.01317207016,-0.3523999852,1
257,353,0.02219955124,-0.2564298314,1
257,369,-0.02213486039,-0.1273366613,1
257,385,-0.0262375673,-0.01398674671,1
257,401,0.01331321395,0.006795723989,1
273,17,0.07278815926,-0.1018640201,1
273,33,0.1143874329,-0.5472299258,1
273,49,0.0545291108,-0.3580800693,1
273,65,-0.0538769561,-0.3316346805,1
273,81,0.01654426277,-0.370426337,1
273,97,0.05749885261,-0.1241628329,1
273,113,-0.005827029354,-0.06472031279,1
273,129,-0.03294380488,-0.01089684172,1
273,145,-0.02250488582,0.05146201448,1
273,161,0.01410667117,0.2409647305,1
273,177,-0.09150322265,0.3315027554,1
273,193,-0.01302536317,0.7650850613,1
273,209,-0.002824862699,0.5690248807,1
273,225,-0.07083328557,0.1653822262,1
273,241,-0.0121460755,0.1639555294,1
273,257,0.003471295086,0.03591521568,1
273,273,0.01308433218,-0.0707246464,1
273,289,-0.01442535716,-0.2563134831,1
273,305,-0.02104004223,-0.3853036565,1
273,321,-0.02184303602,-0.342895667,1
273,337,-0.06031998,-0.2178041143,1
273,353,-0.009145816189,-0.1739522619,1
273,369,-0.008710940707,-0.1924249334,1
273,385,-0.0319596132,-0.02191178032,1
273,401,-0.08913429582,-0.0185968084,1
289,17,0.2734240693,-0.1088544528,1
289,33,0.1691531343,-0.2710439365,1
289,49,0.07975951856,-0.4087526004,1
289,65,-0.04430588062,-0.351972739,1
289,81,0.02482406322,-0.1622525852,1
289,97,0.009113232526,-0.08426682162,1
289,113,-0.05205353079,-0.06114594149,1
289,129,-0.08699997245,0.01358969999,1
289,145,-0.1039582092,0.06033881498,1
289,161,-0.05756195369,0.2100942929,1
289,177,-0.1679192383,0.2810247738,1
289,193,-0.003120501696,0.5158613522,1
289,209,-0.1464920837,0.4096239407,1
289,225,0.06480971983,0.05107291528,1
289,241,0.1073207061,0.07841666525,1
289,257,0.1238497894,0.02064116779,1
289,273,0.2332286041,-0.1044541997,1
289,289,0.0247840087,-0.2564756078,1
289,305,-0.02647598582,-0.4205152196,1
289,321,0.1322173278,-0.4103223485,1
289,337,0.1030024687,-0.1950494451,1
289,353,-0.0582333406,-0.1851236029,1
289,369,-0.1432305177,-0.2120172186,1
289,385,-0.2528820833,-0.09995094967,1
289,401,-0.4583226045,-0.01262299252,1
305,17,0.3028411073,-0.1287461918,1
305,33,0.1802424593,-0.08786408118,1
305,49,0.1379183931,-0.1693040531,1
305,65,-0.02533920578,-0.1536828678,1
305,81,-0.035921176,-0.06758515051,1
305,97,-0.04218109423,-0.1037580173,1
305,113,-0.06569107349,-0.1077081363,1
305,129,-0.1194954711,0.002694924565,1
305,145,-0.2780190307,0.03903563807,1
305,161,-0.3278046447,0.0964620907,1
305,177,-0.2565937835,0.1855181057,1
305,193,-0.08051117245,0.2205522854,1
305,209,-0.001239855939,0.06798156089,1
305,225,0.07319442444,0.01163085286,1
305,241,0.1358336609,-0.01353089033,1
305,257,0.250833432,-0.04585663498,1
305,273,0.1979979675,-0.1469384832,1
305,289,0.1370619933,-0.1884099645,1
305,305,0.05928603812,-0.2001554174,1
305,321,0.05275146169,-0.1651002569,1
305,337,0.05591193835,-0.1978799505,1
305,353,-0.1254387697,-0.2788583441,1
305,369,-0.4606743654,-0.1821099921,1
305,385,-0.3800659975,-0.185381095,1
305,401,-0.35511597,-0.002355734863,1
321,17,0.6814898653,-0.05328003579,1
321,33,0.2525767489,-0.1394159,1
321,49,0.09525291157,-0.1017991703,1
321,65,0.01592055988,-0.09974304848,1
321,81,-0.05622108747,-0.03714768105,1
321,97,-0.08588226608,-0.06060806923,1
321,113,-0.1891384917,-0.03507248574,1
321,129,-0.4519463378,-0.06314675027,1
321,145,-0.2738667327,0.004178841769,1
321,161,-0.2268391448,0.07682021444,1
321,177,-0.1889191467,0.09659560506,1
321,193,-0.03324707331,0.1106642086,1
321,209,0.001850048868,0.008674462458,1
321,225,0.0866049927,0.00825484574,1
321,241,0.292932431,-0.0482961339,1
321,257,0.2287940185,-0.1098043126,1
321,273,0.107265393,-0.1490899724,1
321,289,0.06139938045,-0.09212319085,1
321,305,0.06649581597,-0.07438484859,1
321,321,-0.002374728485,-0.04110542966,1
321,337,-0.03838928539,-0.04918877318,1
321,353,-0.1395970186,-0.09248940186,1
321,369,-0.5023632845,-0.1234819098,1
321,385,-0.4910984835,-0.1321832343,1
321,401,-0.1881104311,-0.09063355166,1
337,17,0.4651850863,-0.1243879002,1
337,33,0.2170905276,-0.1716157597,1
337,49,0.08552734092,-0.09696594889,1
337,65,0.009481350919,-0.05392281229,1
337,81,-0.0652123289,-0.00696770365,1
337,97,-0.09161575604,0.004924615073,1
337,113,-0.1326409178,0.03346999471,1
337,129,-0.2583866911,0.01699050251,1
337,145,-0.3534146147,0.02253325763,1
337,161,-0.09107406911,0.02161391558,1
337,177,-0.03330047904,-0.02837578474,1
337,193,-0.003006060716,-0.04898087204,1
337,209,0.02153197943,-0.01811043443,1
337,225,0.04112044988,-0.005844275391,1
337,241,0.129941861,-0.03400055593,1
337,257,0.1219042938,-0.09867111869,1
337,273,0.0825194519,-0.08699433038,1
337,289,0.0799788635,-0.1027146978,1
337,305,0.0831526916,-0.03341881467,1
337,321,0.01537696525,-0.003765265494,1
337,337,-0.04137619335,-0.007328192754,1
337,353,-0.08732231459,0.05709250731,1
337,369,-0.1379814943,-0.001718680444,1
337,385,-0.335245212,-0.1011773749,1
337,401,-0.9512654146,-0.0733625098,1
353,17,0.6637171908,0.03248008077,1
353,33,0.1091059847,0.03768714254,1
353,49,0.05865852075,0.06004317586,1
353,65,0.05957023339,0.05703337972,1
353,81,-0.01393326089,0.04716475789,1
353,97,0.01239005757,-0.0318929356,1
353,113,-0.04564865399,-0.001926581236,1
353,129,-0.3064862089,0.03355773272,1
353,145,-0.2647286253,-0.01034180342,1
353,161,-0.1834679442,-0.1529866856,1
353,177,-0.1352883178,-0.09716812791,1
353,193,0.0255927247,-0.2124349279,1
353,209,0.1038760346,-0.1335584325,1
353,225,0.2322329682,-0.07249466605,1
353,241,0.3163565796,-0.1488439245,1
353,257,0.179645459,-0.04184166621,1
353,273,0.1617697876,-0.04016892147,1
353,289,0.215589444,-0.1149236365,1
353,305,0.08444778133,0.006610711067,1
353,321,0.02425185845,0.04500754638,1
353,337,-0.02695091563,0.04932387633,1
353,353,-0.227287372,0.07100470823,1
353,369,-0.4869538149,0.007659752775,1
353,385,-0.7571965059,-0.005815665321,1
353,401,-0.45475777,0.01161940853,1
369,17,0.1035498782,0.0217588741,1
369,33,0.01133910854,0.14025863,1
369,49,-0.03321846288,0.2298239071,1
369,65,-0.02515419287,0.1962946254,1
369,81,-0.02044113441,0.1585310299,1
369,97,0.04828254416,0.002696831849,1
369,113,0.01366416646,-0.04821221052,1
369,129,-0.1288910704,-0.05566040694,1
369,145,-0.1306038695,-0.04322830857,1
369,161,-0.05603988939,-0.2781373662,1
369,177,-0.04114349658,-0.2353803319,1
369,193,-0.006286700331,-0.2352201147,1
369,209,0.002695004368,-0.219383399,1
369,225,0.08802215279,-0.1549569769,1
369,241,0.2157344025,-0.279728095,1
369,257,0.1102637452,-0.04686180783,1
369,273,0.04855910952,-0.002725760482,1
369,289,0.03706733398,0.0355833368,1
369,305,0.08019630124,0.2640055017,1
369,321,-0.08873565986,0.09433158202,1
369,337,-0.1972065766,0.1970213251,1
369,353,-0.229158481,0.1583612756,1
369,369,-0.2444248995,0.08973677914,1
369,385,-0.2285405001,0.01487143795,1
369,401,-0.2631016573,0.00286658565,1
385,17,0.1251029178,0.0594881374,1
385,33,-0.05608375827,0.2399195034,1
385,49,-0.05614288608,0.4161604244,1
385,65,0.06111137111,0.3665655452,1
385,81,0.1118678256,0.1471918422,1
385,97,0.003370205918,0.1070059139,1
385,113,-0.01034744547,0.003904183515,1
385,129,-0.1068516569,-0.0615331334,1
385,145,-0.09868820479,-0.1335221929,1
385,161,-0.02108581833,-0.3881665868,1
385,177,0.02291289992,-0.6410276098,1
385,193,0.122041623,-0.3839818639,1
385,209,0.1579169435,-0.3619653387,1
385,225,0.1693534059,-0.3429681463,1
385,241,0.09362403572,-0.2269975348,1
385,257,0.06954757391,-0.06680123046,1
385,273,0.2118510407,-0.01076904968,1
385,289,0.1748465698,0.06782325073,1
385,305,0.1329592865,0.3447531061,1
385,321,-0.03494461371,0.2235143976,1
385,337,-0.05624397593,0.2982920007,1
385,353,-0.06218918165,0.3095377282,1
385,369,-0.08472069108,0.3140714959,1
385,385,-0.08067138996,0.003764946859,1
385,401,-0.1445179781,-0.05113999089,1
401,17,0.02938453397,0.138852914,1
401,33,-0.01062401095,0.295348962,1
401,49,0.1322497531,0.5142381984,1
401,65,0.128879468,0.4086893398,1
401,81,0.1791819735,0.1751516658,1
401,97,0.09268562035,0.1962278682,1
401,113,0.01664535239,0.1434019405,1
401,129,0.01049796773,0.04815657912,1
401,145,-0.1104412871,-0.07936302844,1
401,161,-0.001072009119,-0.4075090093,1
401,177,0.05162803359,-0.7622529668,1
401,193,0.1131667299,-0.8068181677,1
401,209,0.2040957612,-0.2760259314,1
401,225,0.06925384227,-0.2647077246,1
401,241,0.06806937875,-0.277807395,1
401,257,0.08532516181,-0.09175316528,1
401,273,0.07529250798,-0.09903160767,1
401,289,0.1352519196,0.03708823485,1
401,305,0.1258658569,0.333690484,1
401,321,0.02642814325,0.2214811639,1
401,337,0.1180648009,0.2553270654,1
401,353,0.1013373534,0.379865487,1
401,369,0.08958427108,0.3604811029,1
401,385,0.04723159466,0.02771933834,1
401,401,0.05134193095,-0.002029578289,1
